5.00096,       251,
5.10178,       204,
5.20261,       196,
5.30343,       208,
5.40425,       180,
5.50507,       215,
5.60589,       225,
5.70671,       237,
5.80753,       225,
5.90835,       237,
6.00917,       238,
6.10999,       261,
6.21081,       273,
6.31164,       245,
6.41246,       247,
6.51328,       265,
6.6141,       250,
6.71492,       263,
6.81574,       257,
6.91656,       273,
7.01738,       311,
7.1182,       284,
7.21902,       333,
7.31985,       337,
7.42067,       297,
7.52149,       345,
7.62231,       385,
7.72313,       397,
7.82395,       432,
7.92477,       428,
8.02559,       423,
8.12641,       441,
8.22723,       518,
8.32805,       432,
8.42888,       509,
8.5297,       475,
8.63052,       477,
8.73134,       441,
8.83216,       499,
8.93298,       477,
9.0338,       466,
9.13462,       480,
9.23544,       469,
9.33626,       521,
9.43709,       514,
9.53791,       524,
9.63873,       492,
9.73955,       529,
9.84037,       533,
9.94119,       583,
10.042,       593,
10.1428,       550,
10.2437,       634,
10.3445,       641,
10.4453,       658,
10.5461,       648,
10.6469,       616,
10.7478,       642,
10.8486,       635,
10.9494,       656,
11.0502,       644,
11.151,       694,
11.2519,       717,
11.3527,       698,
11.4535,       747,
11.5543,       757,
11.6551,       718,
11.756,       713,
11.8568,       673,
11.9576,       672,
12.0584,       676,
12.1593,       600,
12.2601,       641,
12.3609,       673,
12.4617,       653,
12.5625,       663,
12.6634,       696,
12.7642,       717,
12.865,       698,
12.9658,       729,
13.0666,       780,
13.1675,       994,
13.2683,      1020,
13.3691,      1242,
13.4699,      1356,
13.5707,      1604,
13.6716,      1733,
13.7724,      2069,
13.8732,      2122,
13.974,      2417,
14.0748,      2779,
14.1757,      3087,
14.2765,      3611,
14.3773,      3792,
14.4781,      3503,
14.579,      3079,
14.6798,      2796,
14.7806,      2353,
14.8814,      2069,
14.9822,      1925,
15.0831,      1773,
15.1839,      1623,
15.2847,      1552,
15.3855,      1647,
15.4863,      1635,
15.5872,      1717,
15.688,      1877,
15.7888,      1850,
15.8896,      2156,
15.9904,      2426,
16.0913,      2793,
16.1921,      3263,
16.2929,      3971,
16.3937,      4579,
16.4946,      5212,
16.5954,      5627,
16.6962,      6161,
16.797,      7167,
16.8978,      8611,
16.9987,      9719,
17.0995,     11576,
17.2003,     12228,
17.3011,     11800,
17.4019,     10550,
17.5028,      9044,
17.6036,      7282,
17.7044,      5769,
17.8052,      4445,
17.906,      3447,
18.0069,      2963,
18.1077,      2587,
18.2085,      2272,
18.3093,      2189,
18.4101,      2086,
18.511,      1974,
18.6118,      2077,
18.7126,      2018,
18.8134,      1947,
18.9143,      1861,
19.0151,      1824,
19.1159,      1694,
19.2167,      1546,
19.3175,      1400,
19.4184,      1353,
19.5192,      1271,
 19.62,      1240,
19.7208,      1212,
19.8216,      1191,
19.9225,      1213,
20.0233,      1227,
20.1241,      1171,
20.2249,      1209,
20.3257,      1214,
20.4266,      1242,
20.5274,      1258,
20.6282,      1200,
20.729,      1238,
20.8299,      1195,
20.9307,      1308,
21.0315,      1229,
21.1323,      1245,
21.2331,      1203,
21.334,      1244,
21.4348,      1151,
21.5356,      1117,
21.6364,      1035,
21.7372,      1081,
21.8381,      1056,
21.9389,      1009,
22.0397,      1068,
22.1405,       946,
22.2413,       931,
22.3422,       993,
22.443,       878,
22.5438,       901,
22.6446,       913,
22.7454,       917,
22.8463,       922,
22.9471,       928,
23.0479,       967,
23.1487,       925,
23.2496,       902,
23.3504,       925,
23.4512,      1131,
23.552,      1188,
23.6528,      1220,
23.7537,      1212,
23.8545,      1239,
23.9553,      1113,
24.0561,      1051,
24.1569,       984,
24.2578,       939,
24.3586,       990,
24.4594,      1015,
24.5602,      1042,
24.661,      1080,
24.7619,      1167,
24.8627,      1189,
24.9635,      1278,
25.0643,      1410,
25.1652,      1447,
25.266,      1498,
25.3668,      1583,
25.4676,      1759,
25.5684,      1877,
25.6693,      1986,
25.7701,      2045,
25.8709,      2053,
25.9717,      1837,
26.0725,      1790,
26.1734,      1653,
26.2742,      1515,
26.375,      1506,
26.4758,      1563,
26.5766,      1590,
26.6775,      1517,
26.7783,      1337,
26.8791,      1090,
26.9799,      1083,
27.0808,      1479,
27.1816,      2739,
27.2824,      2572,
27.3832,      2557,
27.484,      2444,
27.5849,      1832,
27.6857,      1271,
27.7865,       882,
27.8873,       736,
27.9881,       766,
28.089,       729,
28.1898,       765,
28.2906,       703,
28.3914,       750,
28.4922,       726,
28.5931,       723,
28.6939,       721,
28.7947,       692,
28.8955,       610,
28.9963,       594,
29.0972,       513,
29.198,       514,
29.2988,       500,
29.3996,       500,
29.5005,       471,
29.6013,       482,
29.7021,       466,
29.8029,       427,
29.9037,       469,
30.0046,       524,
30.1054,       505,
30.2062,       475,
30.307,       510,
30.4078,       482,
30.5087,       494,
30.6095,       487,
30.7103,       456,
30.8111,       482,
30.9119,       462,
31.0128,       422,
31.1136,       451,
31.2144,       392,
31.3152,       436,
31.4161,       447,
31.5169,       377,
31.6177,       430,
31.7185,       410,
31.8193,       422,
31.9202,       383,
32.021,       383,
32.1218,       364,
32.2226,       371,
32.3234,       372,
32.4243,       360,
32.5251,       384,
32.6259,       383,
32.7267,       366,
32.8275,       380,
32.9284,       406,
33.0292,       388,
 33.13,       373,
33.2308,       401,
33.3316,       414,
33.4325,       411,
33.5333,       400,
33.6341,       383,
33.7349,       432,
33.8358,       401,
33.9366,       421,
34.0374,       435,
34.1382,       417,
34.239,       418,
34.3399,       404,
34.4407,       417,
34.5415,       410,
34.6423,       375,
34.7431,       392,
34.844,       364,
34.9448,       374,
35.0456,       351,
35.1464,       325,
35.2472,       373,
35.3481,       349,
35.4489,       312,
35.5497,       342,
35.6505,       328,
35.7514,       349,
35.8522,       341,
35.953,       318,
36.0538,       329,
36.1546,       338,
36.2555,       339,
36.3563,       362,
36.4571,       358,
36.5579,       376,
36.6587,       367,
36.7596,       381,
36.8604,       356,
36.9612,       405,
37.062,       388,
37.1628,       379,
37.2637,       397,
37.3645,       386,
37.4653,       410,
37.5661,       413,
37.6669,       393,
37.7678,       487,
37.8686,       603,
37.9694,       780,
38.0702,       880,
38.1711,       876,
38.2719,       822,
38.3727,       678,
38.4735,       604,
38.5743,       604,
38.6752,      1133,
38.776,      1598,
38.8768,      1630,
38.9776,      1690,
39.0784,      1361,
39.1793,       878,
39.2801,       491,
39.3809,       396,
39.4817,       356,
39.5825,       417,
39.6834,       387,
39.7842,       390,
39.885,       372,
39.9858,       375,
40.0867,       381,
40.1875,       392,
40.2883,       377,
40.3891,       382,
40.4899,       347,
40.5908,       354,
40.6916,       342,
40.7924,       348,
40.8932,       328,
40.994,       350,
41.0949,       340,
41.1957,       347,
41.2965,       376,
41.3973,       342,
41.4981,       330,
41.599,       338,
41.6998,       323,
41.8006,       346,
41.9014,       342,
42.0022,       332,
42.1031,       320,
42.2039,       343,
42.3047,       340,
42.4055,       360,
42.5064,       340,
42.6072,       347,
42.708,       370,
42.8088,       377,
42.9096,       364,
43.0105,       395,
43.1113,       359,
43.2121,       376,
43.3129,       352,
43.4137,       327,
43.5146,       357,
43.6154,       325,
43.7162,       306,
43.817,       325,
43.9178,       310,
44.0187,       297,
44.1195,       270,
44.2203,       357,
44.3211,       308,
44.422,       336,
44.5228,       291,
44.6236,       332,
44.7244,       332,
44.8252,       341,
44.9261,       366,
45.0269,       349,
45.1277,       391,
45.2285,       421,
45.3293,       393,
45.4302,       368,
45.531,       346,
45.6318,       402,
45.7326,       490,
45.8334,       488,
45.9343,       564,
46.0351,       488,
46.1359,       406,
46.2367,       343,
46.3376,       355,
46.4384,       325,
46.5392,       299,
 46.64,       302,
46.7408,       320,
46.8417,       320,
46.9425,       315,
47.0433,       403,
47.1441,       406,
47.2449,       511,
47.3458,       499,
47.4466,       527,
47.5474,       458,
47.6482,       471,
47.749,       481,
47.8499,       675,
47.9507,       717,
48.0515,       778,
48.1523,       756,
48.2531,       525,
48.354,       402,
48.4548,       295,
48.5556,       283,
48.6564,       273,
48.7573,       286,
48.8581,       300,
48.9589,       310,
49.0597,       302,
49.1605,       294,
49.2614,       286,
49.3622,       294,
49.463,       319,
49.5638,       262,
49.6646,       262,
49.7655,       286,
49.8663,       264,
49.9671,       262,
50.0679,       268,
50.1687,       244,
50.2696,       266,
50.3704,       273,
50.4712,       242,
50.572,       231,
50.6729,       239,
50.7737,       242,
50.8745,       259,
50.9753,       254,
51.0761,       256,
51.177,       261,
51.2778,       305,
51.3786,       269,
51.4794,       281,
51.5802,       262,
51.6811,       283,
51.7819,       264,
51.8827,       279,
51.9835,       276,
52.0843,       263,
52.1852,       290,
52.286,       301,
52.3868,       279,
52.4876,       270,
52.5884,       273,
52.6893,       245,
52.7901,       260,
52.8909,       267,
52.9917,       297,
53.0926,       253,
53.1934,       254,
53.2942,       271,
53.395,       250,
53.4958,       265,
53.5967,       269,
53.6975,       260,
53.7983,       210,
53.8991,       254,
53.9999,       241,
54.1008,       256,
54.2016,       229,
54.3024,       243,
54.4032,       255,
54.504,       235,
54.6049,       257,
54.7057,       234,
54.8065,       227,
54.9073,       264,
55.0082,       252,
55.109,       334,
55.2098,       377,
55.3106,       356,
55.4114,       366,
55.5123,       347,
55.6131,       319,
55.7139,       322,
55.8147,       454,
55.9155,       420,
56.0164,       468,
56.1172,       373,
56.218,       335,
56.3188,       285,
56.4196,       241,
56.5205,       246,
56.6213,       245,
56.7221,       228,
56.8229,       206,
56.9237,       228,
57.0246,       220,
57.1254,       199,
57.2262,       212,
57.327,       242,
57.4279,       248,
57.5287,       241,
57.6295,       231,
57.7303,       221,
57.8311,       231,
57.932,       215,
58.0328,       237,
58.1336,       234,
58.2344,       240,
58.3352,       233,
58.4361,       197,
58.5369,       237,
58.6377,       236,
58.7385,       222,
58.8393,       217,
58.9402,       216,
59.041,       207,
59.1418,       214,
59.2426,       231,
59.3435,       245,
59.4443,       206,
59.5451,       181,
59.6459,       200,
59.7467,       230,
59.8476,       211,
59.9484,       243,
60.0492,       214,
 60.15,       240,
60.2508,       208,
60.3517,       218,
60.4525,       252,
60.5533,       248,
60.6541,       256,
60.7549,       266,
60.8558,       304,
60.9566,       263,
61.0574,       275,
61.1582,       248,
61.259,       288,
61.3599,       287,
61.4607,       297,
61.5615,       301,
61.6623,       258,
61.7632,       235,
61.864,       234,
61.9648,       211,
62.0656,       261,
62.1664,       259,
62.2673,       297,
62.3681,       359,
62.4689,       370,
62.5697,       413,
62.6705,       454,
62.7714,       390,
62.8722,       437,
62.973,       413,
63.0738,       651,
63.1746,       665,
63.2755,       877,
63.3763,       628,
63.4771,       480,
63.5779,       355,
63.6788,       243,
63.7796,       240,
63.8804,       215,
63.9812,       219,
64.082,       225,
64.1829,       222,
64.2837,       187,
64.3845,       202,
64.4853,       196,
64.5861,       200,
64.687,       209,
64.7878,       189,
64.8886,       212,
64.9894,       215,
65.0902,       198,
65.1911,       203,
65.2919,       212,
65.3927,       211,
65.4935,       222,
65.5944,       213,
65.6952,       225,
65.796,       214,
65.8968,       199,
65.9976,       208,
66.0985,       207,
66.1993,       230,
66.3001,       198,
66.4009,       208,
66.5017,       195,
66.6026,       205,
66.7034,       201,
66.8042,       175,
66.905,       203,
67.0058,       210,
67.1067,       190,
67.2075,       201,
67.3083,       184,
67.4091,       190,
67.5099,       193,
67.6108,       214,
67.7116,       206,
67.8124,       190,
67.9132,       217,
68.0141,       191,
68.1149,       200,
68.2157,       204,
68.3165,       199,
68.4173,       181,
68.5182,       190,
68.619,       207,
68.7198,       224,
68.8206,       198,
68.9214,       203,
69.0223,       218,
69.1231,       279,
69.2239,       314,
69.3247,       335,
69.4255,       353,
69.5264,       356,
69.6272,       342,
69.728,       341,
69.8288,       402,
69.9297,       462,
70.0305,       548,
70.1313,       496,
70.2321,       404,
70.3329,       285,
70.4338,       244,
70.5346,       216,
70.6354,       189,
70.7362,       190,
70.837,       207,
70.9379,       189,
71.0387,       183,
71.1395,       182,
71.2403,       196,
71.3411,       184,
71.442,       193,
71.5428,       180,
71.6436,       189,
71.7444,       201,
71.8452,       192,
71.9461,       185,
72.0469,       173,
72.1477,       202,
72.2485,       189,
72.3494,       223,
72.4502,       194,
72.551,       188,
72.6518,       187,
72.7526,       171,
72.8535,       186,
72.9543,       188,
73.0551,       195,
73.1559,       211,
73.2567,       201,
73.3576,       193,
73.4584,       188,
73.5592,       196,
 73.66,       204,
73.7608,       175,
73.8617,       179,
73.9625,       186,
74.0633,       184,
74.1641,       215,
74.265,       222,
74.3658,       233,
74.4666,       231,
74.5674,       201,
74.6682,       209,
74.7691,       226,
74.8699,       224,
74.9707,       220,
75.0715,       228,
75.1723,       215,
75.2732,       183,
75.374,       198,
75.4748,       155,
75.5756,       176,
75.6764,       196,
75.7773,       180,
75.8781,       175,
75.9789,       186,
76.0797,       181,
76.1805,       172,
76.2814,       154,
76.3822,       194,
76.483,       172,
76.5838,       185,
76.6847,       177,
76.7855,       171,
76.8863,       180,
76.9871,       178,
77.0879,       184,
77.1888,       181,
77.2896,       187,
77.3904,       174,
77.4912,       179,
77.592,       179,
77.6929,       183,
77.7937,       191,
77.8945,       189,
77.9953,       220,
78.0961,       193,
78.197,       165,
78.2978,       178,
78.3986,       182,
78.4994,       188,
78.6003,       166,
78.7011,       171,
78.8019,       165,
78.9027,       164,
79.0035,       162,
79.1044,       160,
79.2052,       181,
79.306,       188,
79.4068,       196,
79.5076,       172,
79.6085,       170,
79.7093,       187,
79.8101,       192,
79.9109,       189,
80.0117,       170,
80.1126,       179,
80.2134,       165,
80.3142,       164,
80.415,       180,
80.5159,       186,
80.6167,       192,
80.7175,       189,
80.8183,       176,
80.9191,       199,
 81.02,       173,
81.1208,       175,
81.2216,       174,
81.3224,       162,
81.4232,       165,
81.5241,       182,
81.6249,       175,
81.7257,       185,
81.8265,       169,
81.9273,       182,
82.0282,       180,
82.129,       202,
82.2298,       214,
82.3306,       203,
82.4314,       219,
82.5323,       240,
82.6331,       204,
82.7339,       226,
82.8347,       249,
82.9356,       264,
83.0364,       243,
83.1372,       220,
83.238,       195,
83.3388,       194,
83.4397,       172,
83.5405,       178,
83.6413,       151,
83.7421,       180,
83.8429,       205,
83.9438,       170,
84.0446,       172,
84.1454,       163,
84.2462,       185,
84.347,       173,
84.4479,       164,
84.5487,       166,
84.6495,       132,
84.7503,       174,
84.8512,       175,
84.952,       157,
85.0528,       191,
85.1536,       167,
85.2544,       174,
85.3553,       184,
85.4561,       170,
85.5569,       192,
85.6577,       184,
85.7585,       170,
85.8594,       185,
85.9602,       160,
86.061,       178,
86.1618,       186,
86.2626,       179,
86.3635,       181,
86.4643,       149,
86.5651,       177,
86.6659,       176,
86.7667,       163,
86.8676,       199,
86.9684,       166,
87.0692,       190,
 87.17,       201,
87.2709,       181,
87.3717,       184,
87.4725,       202,
87.5733,       215,
87.6741,       213,
87.775,       184,
87.8758,       209,
87.9766,       200,
88.0774,       187,
88.1782,       210,
88.2791,       199,
88.3799,       228,
88.4807,       247,
88.5815,       297,
88.6823,       302,
88.7832,       265,
88.884,       266,
88.9848,       325,
89.0856,       323,
89.1865,       339,
89.2873,       273,
89.3881,       251,
89.4889,       223,
89.5897,       196,
89.6906,       189,
89.7914,       159,
89.8922,       163,
89.993,       170,